0 0.0000
1 0.0008
2 0.0016
3 0.0024
4 0.0032
5 0.0040
6 0.0048
7 0.0056
8 0.0064
9 0.0072
10 0.0080
11 0.0088
12 0.0096
13 0.0104
14 0.0112
15 0.0120
16 0.0128
17 0.0136
18 0.0144
19 0.0152
20 0.0160
21 0.0168
22 0.0176
23 0.0184
24 0.0192
25 0.0200
26 0.0208
27 0.0216
28 0.0224
29 0.0232
30 0.0240
31 0.0248
32 0.0256
33 0.0264
34 0.0272
35 0.0280
36 0.0288
37 0.0296
38 0.0304
39 0.0312
40 0.0320
41 0.0328
42 0.0336
43 0.0344
44 0.0352
45 0.0360
46 0.0368
47 0.0376
48 0.0384
49 0.0392
50 0.0400
51 0.0408
52 0.0416
53 0.0424
54 0.0432
55 0.0440
56 0.0448
57 0.0456
58 0.0464
59 0.0472
60 0.0480
61 0.0488
62 0.0496
63 0.0504
64 0.0512
65 0.0520
66 0.0528
67 0.0536
68 0.0544
69 0.0552
70 0.0560
71 0.0568
72 0.0576
73 0.0584
74 0.0592
75 0.0600
76 0.0608
77 0.0616
78 0.0624
79 0.0632
80 0.0640
81 0.0648
82 0.0656
83 0.0664
84 0.0672
85 0.0680
86 0.0688
87 0.0696
88 0.0704
89 0.0712
90 0.0720
91 0.0728
92 0.0736
93 0.0744
94 0.0752
95 0.0760
96 0.0768
97 0.0776
98 0.0784
99 0.0792
100 0.0800
101 0.0808
102 0.0816
103 0.0824
104 0.0832
105 0.0840
106 0.0848
107 0.0856
108 0.0864
109 0.0872
110 0.0880
111 0.0888
112 0.0896
113 0.0904
114 0.0912
115 0.0920
116 0.0928
117 0.0936
118 0.0944
119 0.0952
120 0.0960
121 0.0968
122 0.0976
123 0.0984
124 0.0992
125 0.1000
126 0.1008
127 0.1016
128 0.1024
129 0.1032
130 0.1040
131 0.1048
132 0.1056
133 0.1064
134 0.1072
135 0.1080
136 0.1088
137 0.1096
138 0.1104
139 0.1112
140 0.1120
141 0.1128
142 0.1136
143 0.1144
144 0.1152
145 0.1160
146 0.1168
147 0.1176
148 0.1184
149 0.1192
150 0.1200
151 0.1208
152 0.1216
153 0.1224
154 0.1232
155 0.1240
156 0.1248
157 0.1256
158 0.1264
159 0.1272
160 0.1280
161 0.1288
162 0.1296
163 0.1304
164 0.1312
165 0.1320
166 0.1328
167 0.1336
168 0.1344
169 0.1352
170 0.1360
171 0.1368
172 0.1376
173 0.1384
174 0.1392
175 0.1400
176 0.1408
177 0.1416
178 0.1424
179 0.1432
180 0.1440
181 0.1448
182 0.1456
183 0.1464
184 0.1472
185 0.1480
186 0.1488
187 0.1496
188 0.1504
189 0.1512
190 0.1520
191 0.1528
192 0.1536
193 0.1544
194 0.1552
195 0.1560
196 0.1568
197 0.1576
198 0.1584
199 0.1592
200 0.1600
201 0.1608
202 0.1616
203 0.1624
204 0.1632
205 0.1640
206 0.1648
207 0.1656
208 0.1664
209 0.1672
210 0.1680
211 0.1688
212 0.1696
213 0.1704
214 0.1712
215 0.1720
216 0.1728
217 0.1736
218 0.1744
219 0.1752
220 0.1760
221 0.1768
222 0.1776
223 0.1784
224 0.1792
225 0.1800
226 0.1808
227 0.1816
228 0.1824
229 0.1832
230 0.1840
231 0.1848
232 0.1856
233 0.1864
234 0.1872
235 0.1880
236 0.1888
237 0.1896
238 0.1904
239 0.1912
240 0.1920
241 0.1928
242 0.1936
243 0.1944
244 0.1952
245 0.1960
246 0.1968
247 0.1976
248 0.1984
249 0.1992
250 0.2000
251 0.2008
252 0.2016
253 0.2024
254 0.2032
255 0.2040
256 0.2048
257 0.2056
258 0.2064
259 0.2072
260 0.2080
261 0.2088
262 0.2096
263 0.2104
264 0.2112
265 0.2120
266 0.2128
267 0.2136
268 0.2144
269 0.2152
270 0.2160
271 0.2168
272 0.2176
273 0.2184
274 0.2192
275 0.2200
276 0.2208
277 0.2216
278 0.2224
279 0.2232
280 0.2240
281 0.2248
282 0.2256
283 0.2264
284 0.2272
285 0.2280
286 0.2288
287 0.2296
288 0.2304
289 0.2312
290 0.2320
291 0.2328
292 0.2336
293 0.2344
294 0.2352
295 0.2360
296 0.2368
297 0.2376
298 0.2384
299 0.2392
300 0.2400
301 0.2408
302 0.2416
303 0.2424
304 0.2432
305 0.2440
306 0.2448
307 0.2456
308 0.2464
309 0.2472
310 0.2480
311 0.2488
312 0.2496
313 0.2504
314 0.2512
315 0.2520
316 0.2528
317 0.2536
318 0.2544
319 0.2552
320 0.2560
321 0.2568
322 0.2576
323 0.2584
324 0.2592
325 0.2600
326 0.2608
327 0.2616
328 0.2624
329 0.2632
330 0.2640
331 0.2648
332 0.2656
333 0.2664
334 0.2672
335 0.2680
336 0.2688
337 0.2696
338 0.2704
339 0.2712
340 0.2720
341 0.2728
342 0.2736
343 0.2744
344 0.2752
345 0.2760
346 0.2768
347 0.2776
348 0.2784
349 0.2792
350 0.2800
351 0.2808
352 0.2816
353 0.2824
354 0.2832
355 0.2840
356 0.2848
357 0.2856
358 0.2864
359 0.2872
360 0.2880
361 0.2888
362 0.2896
363 0.2904
364 0.2912
365 0.2920
366 0.2928
367 0.2936
368 0.2944
369 0.2952
370 0.2960
371 0.2968
372 0.2976
373 0.2984
374 0.2992
375 0.3000
376 0.3008
377 0.3016
378 0.3024
379 0.3032
380 0.3040
381 0.3048
382 0.3056
383 0.3064
384 0.3072
385 0.3080
386 0.3088
387 0.3096
388 0.3104
389 0.3112
390 0.3120
391 0.3128
392 0.3136
393 0.3144
394 0.3152
395 0.3160
396 0.3168
397 0.3176
398 0.3184
399 0.3192
400 0.3200
401 0.3208
402 0.3216
403 0.3224
404 0.3232
405 0.3240
406 0.3248
407 0.3256
408 0.3264
409 0.3272
410 0.3280
411 0.3288
412 0.3296
413 0.3304
414 0.3312
415 0.3320
416 0.3328
417 0.3336
418 0.3344
419 0.3352
420 0.3360
421 0.3368
422 0.3376
423 0.3384
424 0.3392
425 0.3400
426 0.3408
427 0.3416
428 0.3424
429 0.3432
430 0.3440
431 0.3448
432 0.3456
433 0.3464
434 0.3472
435 0.3480
436 0.3488
437 0.3496
438 0.3504
439 0.3512
440 0.3520
441 0.3528
442 0.3536
443 0.3544
444 0.3552
445 0.3560
446 0.3568
447 0.3576
448 0.3584
449 0.3592
450 0.3600
451 0.3608
452 0.3616
453 0.3624
454 0.3632
455 0.3640
456 0.3648
457 0.3656
458 0.3664
459 0.3672
460 0.3680
461 0.3688
462 0.3696
463 0.3704
464 0.3712
465 0.3720
466 0.3728
467 0.3736
468 0.3744
469 0.3752
470 0.3760
471 0.3768
472 0.3776
473 0.3784
474 0.3792
475 0.3800
476 0.3808
477 0.3816
478 0.3824
479 0.3832
480 0.3840
481 0.3848
482 0.3856
483 0.3864
484 0.3872
485 0.3880
486 0.3888
487 0.3896
488 0.3904
489 0.3912
490 0.3920
491 0.3928
492 0.3936
493 0.3944
494 0.3952
495 0.3960
496 0.3968
497 0.3976
498 0.3984
499 0.3992
500 0.4000
501 0.4008
502 0.4016
503 0.4024
504 0.4032
505 0.4040
506 0.4048
507 0.4056
508 0.4064
509 0.4072
510 0.4080
511 0.4088
512 0.4096
513 0.4104
514 0.4112
515 0.4120
516 0.4128
517 0.4136
518 0.4144
519 0.4152
520 0.4160
521 0.4168
522 0.4176
523 0.4184
524 0.4192
525 0.4200
526 0.4208
527 0.4216
528 0.4224
529 0.4232
530 0.4240
531 0.4248
532 0.4256
533 0.4264
534 0.4272
535 0.4280
536 0.4288
537 0.4296
538 0.4304
539 0.4312
540 0.4320
541 0.4328
542 0.4336
543 0.4344
544 0.4352
545 0.4360
546 0.4368
547 0.4376
548 0.4384
549 0.4392
550 0.4400
551 0.4408
552 0.4416
553 0.4424
554 0.4432
555 0.4440
556 0.4448
557 0.4456
558 0.4464
559 0.4472
560 0.4480
561 0.4488
562 0.4496
563 0.4504
564 0.4512
565 0.4520
566 0.4528
567 0.4536
568 0.4544
569 0.4552
570 0.4560
571 0.4568
572 0.4576
573 0.4584
574 0.4592
575 0.4600
576 0.4608
577 0.4616
578 0.4624
579 0.4632
580 0.4640
581 0.4648
582 0.4656
583 0.4664
584 0.4672
585 0.4680
586 0.4688
587 0.4696
588 0.4704
589 0.4712
590 0.4720
591 0.4728
592 0.4736
593 0.4744
594 0.4752
595 0.4760
596 0.4768
597 0.4776
598 0.4784
599 0.4792
600 0.4800
601 0.4808
602 0.4816
603 0.4824
604 0.4832
605 0.4840
606 0.4848
607 0.4856
608 0.4864
609 0.4872
610 0.4880
611 0.4888
612 0.4896
613 0.4904
614 0.4912
615 0.4920
616 0.4928
617 0.4936
618 0.4944
619 0.4952
620 0.4960
621 0.4968
622 0.4976
623 0.4984
624 0.4992
625 0.5000
626 0.5008
627 0.5016
628 0.5024
629 0.5032
630 0.5040
631 0.5048
632 0.5056
633 0.5064
634 0.5072
635 0.5080
636 0.5088
637 0.5096
638 0.5104
639 0.5112
640 0.5120
641 0.5128
642 0.5136
643 0.5144
644 0.5152
645 0.5160
646 0.5168
647 0.5176
648 0.5184
649 0.5192
650 0.5200
651 0.5208
652 0.5216
653 0.5224
654 0.5232
655 0.5240
656 0.5248
657 0.5256
658 0.5264
659 0.5272
660 0.5280
661 0.5288
662 0.5296
663 0.5304
664 0.5312
665 0.5320
666 0.5328
667 0.5336
668 0.5344
669 0.5352
670 0.5360
671 0.5368
672 0.5376
673 0.5384
674 0.5392
675 0.5400
676 0.5408
677 0.5416
678 0.5424
679 0.5432
680 0.5440
681 0.5448
682 0.5456
683 0.5464
684 0.5472
685 0.5480
686 0.5488
687 0.5496
688 0.5504
689 0.5512
690 0.5520
691 0.5528
692 0.5536
693 0.5544
694 0.5552
695 0.5560
696 0.5568
697 0.5576
698 0.5584
699 0.5592
700 0.5600
701 0.5608
702 0.5616
703 0.5624
704 0.5632
705 0.5640
706 0.5648
707 0.5656
708 0.5664
709 0.5672
710 0.5680
711 0.5688
712 0.5696
713 0.5704
714 0.5712
715 0.5720
716 0.5728
717 0.5736
718 0.5744
719 0.5752
720 0.5760
721 0.5768
722 0.5776
723 0.5784
724 0.5792
725 0.5800
726 0.5808
727 0.5816
728 0.5824
729 0.5832
730 0.5840
731 0.5848
732 0.5856
733 0.5864
734 0.5872
735 0.5880
736 0.5888
737 0.5896
738 0.5904
739 0.5912
740 0.5920
741 0.5928
742 0.5936
743 0.5944
744 0.5952
745 0.5960
746 0.5968
747 0.5976
748 0.5984
749 0.5992
750 0.6000
751 0.6008
752 0.6016
753 0.6024
754 0.6032
755 0.6040
756 0.6048
757 0.6056
758 0.6064
759 0.6072
760 0.6080
761 0.6088
762 0.6096
763 0.6104
764 0.6112
765 0.6120
766 0.6128
767 0.6136
768 0.6144
769 0.6152
770 0.6160
771 0.6168
772 0.6176
773 0.6184
774 0.6192
775 0.6200
776 0.6208
777 0.6216
778 0.6224
779 0.6232
780 0.6240
781 0.6248
782 0.6256
783 0.6264
784 0.6272
785 0.6280
786 0.6288
787 0.6296
788 0.6304
789 0.6312
790 0.6320
791 0.6328
792 0.6336
793 0.6344
794 0.6352
795 0.6360
796 0.6368
797 0.6376
798 0.6384
799 0.6392
800 0.6400
801 0.6408
802 0.6416
803 0.6424
804 0.6432
805 0.6440
806 0.6448
807 0.6456
808 0.6464
809 0.6472
810 0.6480
811 0.6488
812 0.6496
813 0.6504
814 0.6512
815 0.6520
816 0.6528
817 0.6536
818 0.6544
819 0.6552
820 0.6560
821 0.6568
822 0.6576
823 0.6584
824 0.6592
825 0.6600
826 0.6608
827 0.6616
828 0.6624
829 0.6632
830 0.6640
831 0.6648
832 0.6656
833 0.6664
834 0.6672
835 0.6680
836 0.6688
837 0.6696
838 0.6704
839 0.6712
840 0.6720
841 0.6728
842 0.6736
843 0.6744
844 0.6752
845 0.6760
846 0.6768
847 0.6776
848 0.6784
849 0.6792
850 0.6800
851 0.6808
852 0.6816
853 0.6824
854 0.6832
855 0.6840
856 0.6848
857 0.6856
858 0.6864
859 0.6872
860 0.6880
861 0.6888
862 0.6896
863 0.6904
864 0.6912
865 0.6920
866 0.6928
867 0.6936
868 0.6944
869 0.6952
870 0.6960
871 0.6968
872 0.6976
873 0.6984
874 0.6992
875 0.7000
876 0.7008
877 0.7016
878 0.7024
879 0.7032
880 0.7040
881 0.7048
882 0.7056
883 0.7064
884 0.7072
885 0.7080
886 0.7088
887 0.7096
888 0.7104
889 0.7112
890 0.7120
891 0.7128
892 0.7136
893 0.7144
894 0.7152
895 0.7160
896 0.7168
897 0.7176
898 0.7184
899 0.7192
900 0.7200
901 0.7208
902 0.7216
903 0.7224
904 0.7232
905 0.7240
906 0.7248
907 0.7256
908 0.7264
909 0.7272
910 0.7280
911 0.7288
912 0.7296
913 0.7304
914 0.7312
915 0.7320
916 0.7328
917 0.7336
918 0.7344
919 0.7352
920 0.7360
921 0.7368
922 0.7376
923 0.7384
924 0.7392
925 0.7400
926 0.7408
927 0.7416
928 0.7424
929 0.7432
930 0.7440
931 0.7448
932 0.7456
933 0.7464
934 0.7472
935 0.7480
936 0.7488
937 0.7496
938 0.7504
939 0.7512
940 0.7520
941 0.7528
942 0.7536
943 0.7544
944 0.7552
945 0.7560
946 0.7568
947 0.7576
948 0.7584
949 0.7592
950 0.7600
951 0.7608
952 0.7616
953 0.7624
954 0.7632
955 0.7640
956 0.7648
957 0.7656
958 0.7664
959 0.7672
960 0.7680
961 0.7688
962 0.7696
963 0.7704
964 0.7712
965 0.7720
966 0.7728
967 0.7736
968 0.7744
969 0.7752
970 0.7760
971 0.7768
972 0.7776
973 0.7784
974 0.7792
975 0.7800
976 0.7808
977 0.7816
978 0.7824
979 0.7832
980 0.7840
981 0.7848
982 0.7856
983 0.7864
984 0.7872
985 0.7880
986 0.7888
987 0.7896
988 0.7904
989 0.7912
990 0.7920
991 0.7928
992 0.7936
993 0.7944
994 0.7952
995 0.7960
996 0.7968
997 0.7976
998 0.7984
999 0.7992
1000 0.8000
1001 0.8008
1002 0.8016
1003 0.8024
1004 0.8032
1005 0.8040
1006 0.8048
1007 0.8056
1008 0.8064
1009 0.8072
1010 0.8080
1011 0.8088
1012 0.8096
1013 0.8104
1014 0.8112
1015 0.8120
1016 0.8128
1017 0.8136
1018 0.8144
1019 0.8152
1020 0.8160
1021 0.8168
1022 0.8176
1023 0.8184
1024 0.8192
1025 0.8200
1026 0.8208
1027 0.8216
1028 0.8224
1029 0.8232
1030 0.8240
1031 0.8248
1032 0.8256
1033 0.8264
1034 0.8272
1035 0.8280
1036 0.8288
1037 0.8296
1038 0.8304
1039 0.8312
1040 0.8320
1041 0.8328
1042 0.8336
1043 0.8344
1044 0.8352
1045 0.8360
1046 0.8368
1047 0.8376
1048 0.8384
1049 0.8392
1050 0.8400
1051 0.8408
1052 0.8416
1053 0.8424
1054 0.8432
1055 0.8440
1056 0.8448
1057 0.8456
1058 0.8464
1059 0.8472
1060 0.8480
1061 0.8488
1062 0.8496
1063 0.8504
1064 0.8512
1065 0.8520
1066 0.8528
1067 0.8536
1068 0.8544
1069 0.8552
1070 0.8560
1071 0.8568
1072 0.8576
1073 0.8584
1074 0.8592
1075 0.8600
1076 0.8608
1077 0.8616
1078 0.8624
1079 0.8632
1080 0.8640
1081 0.8648
1082 0.8656
1083 0.8664
1084 0.8672
1085 0.8680
1086 0.8688
1087 0.8696
1088 0.8704
1089 0.8712
1090 0.8720
1091 0.8728
1092 0.8736
1093 0.8744
1094 0.8752
1095 0.8760
1096 0.8768
1097 0.8776
1098 0.8784
1099 0.8792
1100 0.8800
1101 0.8808
1102 0.8816
1103 0.8824
1104 0.8832
1105 0.8840
1106 0.8848
1107 0.8856
1108 0.8864
1109 0.8872
1110 0.8880
1111 0.8888
1112 0.8896
1113 0.8904
1114 0.8912
1115 0.8920
1116 0.8928
1117 0.8936
1118 0.8944
1119 0.8952
1120 0.8960
1121 0.8968
1122 0.8976
1123 0.8984
1124 0.8992
1125 0.9000
1126 0.9008
1127 0.9016
1128 0.9024
1129 0.9032
1130 0.9040
1131 0.9048
1132 0.9056
1133 0.9064
1134 0.9072
1135 0.9080
1136 0.9088
1137 0.9096
1138 0.9104
1139 0.9112
1140 0.9120
1141 0.9128
1142 0.9136
1143 0.9144
1144 0.9152
1145 0.9160
1146 0.9168
1147 0.9176
1148 0.9184
1149 0.9192
1150 0.9200
1151 0.9208
1152 0.9216
1153 0.9224
1154 0.9232
1155 0.9240
1156 0.9248
1157 0.9256
1158 0.9264
1159 0.9272
1160 0.9280
1161 0.9288
1162 0.9296
1163 0.9304
1164 0.9312
1165 0.9320
1166 0.9328
1167 0.9336
1168 0.9344
1169 0.9352
1170 0.9360
1171 0.9368
1172 0.9376
1173 0.9384
1174 0.9392
1175 0.9400
1176 0.9408
1177 0.9416
1178 0.9424
1179 0.9432
1180 0.9440
1181 0.9448
1182 0.9456
1183 0.9464
1184 0.9472
1185 0.9480
1186 0.9488
1187 0.9496
1188 0.9504
1189 0.9512
1190 0.9520
1191 0.9528
1192 0.9536
1193 0.9544
1194 0.9552
1195 0.9560
1196 0.9568
1197 0.9576
1198 0.9584
1199 0.9592
1200 0.9600
1201 0.9608
1202 0.9616
1203 0.9624
1204 0.9632
1205 0.9640
1206 0.9648
1207 0.9656
1208 0.9664
1209 0.9672
1210 0.9680
1211 0.9688
1212 0.9696
1213 0.9704
1214 0.9712
1215 0.9720
1216 0.9728
1217 0.9736
1218 0.9744
1219 0.9752
1220 0.9760
1221 0.9768
1222 0.9776
1223 0.9784
1224 0.9792
1225 0.9800
1226 0.9808
1227 0.9816
1228 0.9824
1229 0.9832
1230 0.9840
1231 0.9848
1232 0.9856
1233 0.9864
1234 0.9872
1235 0.9880
1236 0.9888
1237 0.9896
1238 0.9904
1239 0.9912
1240 0.9920
1241 0.9928
1242 0.9936
1243 0.9944
1244 0.9952
1245 0.9960
1246 0.9968
1247 0.9976
1248 0.9984
1249 0.9992
1250 1.0000
1251 0.9992
1252 0.9984
1253 0.9976
1254 0.9968
1255 0.9960
1256 0.9952
1257 0.9944
1258 0.9936
1259 0.9928
1260 0.9920
1261 0.9912
1262 0.9904
1263 0.9896
1264 0.9888
1265 0.9880
1266 0.9872
1267 0.9864
1268 0.9856
1269 0.9848
1270 0.9840
1271 0.9832
1272 0.9824
1273 0.9816
1274 0.9808
1275 0.9800
1276 0.9792
1277 0.9784
1278 0.9776
1279 0.9768
1280 0.9760
1281 0.9752
1282 0.9744
1283 0.9736
1284 0.9728
1285 0.9720
1286 0.9712
1287 0.9704
1288 0.9696
1289 0.9688
1290 0.9680
1291 0.9672
1292 0.9664
1293 0.9656
1294 0.9648
1295 0.9640
1296 0.9632
1297 0.9624
1298 0.9616
1299 0.9608
1300 0.9600
1301 0.9592
1302 0.9584
1303 0.9576
1304 0.9568
1305 0.9560
1306 0.9552
1307 0.9544
1308 0.9536
1309 0.9528
1310 0.9520
1311 0.9512
1312 0.9504
1313 0.9496
1314 0.9488
1315 0.9480
1316 0.9472
1317 0.9464
1318 0.9456
1319 0.9448
1320 0.9440
1321 0.9432
1322 0.9424
1323 0.9416
1324 0.9408
1325 0.9400
1326 0.9392
1327 0.9384
1328 0.9376
1329 0.9368
1330 0.9360
1331 0.9352
1332 0.9344
1333 0.9336
1334 0.9328
1335 0.9320
1336 0.9312
1337 0.9304
1338 0.9296
1339 0.9288
1340 0.9280
1341 0.9272
1342 0.9264
1343 0.9256
1344 0.9248
1345 0.9240
1346 0.9232
1347 0.9224
1348 0.9216
1349 0.9208
1350 0.9200
1351 0.9192
1352 0.9184
1353 0.9176
1354 0.9168
1355 0.9160
1356 0.9152
1357 0.9144
1358 0.9136
1359 0.9128
1360 0.9120
1361 0.9112
1362 0.9104
1363 0.9096
1364 0.9088
1365 0.9080
1366 0.9072
1367 0.9064
1368 0.9056
1369 0.9048
1370 0.9040
1371 0.9032
1372 0.9024
1373 0.9016
1374 0.9008
1375 0.9000
1376 0.8992
1377 0.8984
1378 0.8976
1379 0.8968
1380 0.8960
1381 0.8952
1382 0.8944
1383 0.8936
1384 0.8928
1385 0.8920
1386 0.8912
1387 0.8904
1388 0.8896
1389 0.8888
1390 0.8880
1391 0.8872
1392 0.8864
1393 0.8856
1394 0.8848
1395 0.8840
1396 0.8832
1397 0.8824
1398 0.8816
1399 0.8808
1400 0.8800
1401 0.8792
1402 0.8784
1403 0.8776
1404 0.8768
1405 0.8760
1406 0.8752
1407 0.8744
1408 0.8736
1409 0.8728
1410 0.8720
1411 0.8712
1412 0.8704
1413 0.8696
1414 0.8688
1415 0.8680
1416 0.8672
1417 0.8664
1418 0.8656
1419 0.8648
1420 0.8640
1421 0.8632
1422 0.8624
1423 0.8616
1424 0.8608
1425 0.8600
1426 0.8592
1427 0.8584
1428 0.8576
1429 0.8568
1430 0.8560
1431 0.8552
1432 0.8544
1433 0.8536
1434 0.8528
1435 0.8520
1436 0.8512
1437 0.8504
1438 0.8496
1439 0.8488
1440 0.8480
1441 0.8472
1442 0.8464
1443 0.8456
1444 0.8448
1445 0.8440
1446 0.8432
1447 0.8424
1448 0.8416
1449 0.8408
1450 0.8400
1451 0.8392
1452 0.8384
1453 0.8376
1454 0.8368
1455 0.8360
1456 0.8352
1457 0.8344
1458 0.8336
1459 0.8328
1460 0.8320
1461 0.8312
1462 0.8304
1463 0.8296
1464 0.8288
1465 0.8280
1466 0.8272
1467 0.8264
1468 0.8256
1469 0.8248
1470 0.8240
1471 0.8232
1472 0.8224
1473 0.8216
1474 0.8208
1475 0.8200
1476 0.8192
1477 0.8184
1478 0.8176
1479 0.8168
1480 0.8160
1481 0.8152
1482 0.8144
1483 0.8136
1484 0.8128
1485 0.8120
1486 0.8112
1487 0.8104
1488 0.8096
1489 0.8088
1490 0.8080
1491 0.8072
1492 0.8064
1493 0.8056
1494 0.8048
1495 0.8040
1496 0.8032
1497 0.8024
1498 0.8016
1499 0.8008
1500 0.8000
1501 0.7992
1502 0.7984
1503 0.7976
1504 0.7968
1505 0.7960
1506 0.7952
1507 0.7944
1508 0.7936
1509 0.7928
1510 0.7920
1511 0.7912
1512 0.7904
1513 0.7896
1514 0.7888
1515 0.7880
1516 0.7872
1517 0.7864
1518 0.7856
1519 0.7848
1520 0.7840
1521 0.7832
1522 0.7824
1523 0.7816
1524 0.7808
1525 0.7800
1526 0.7792
1527 0.7784
1528 0.7776
1529 0.7768
1530 0.7760
1531 0.7752
1532 0.7744
1533 0.7736
1534 0.7728
1535 0.7720
1536 0.7712
1537 0.7704
1538 0.7696
1539 0.7688
1540 0.7680
1541 0.7672
1542 0.7664
1543 0.7656
1544 0.7648
1545 0.7640
1546 0.7632
1547 0.7624
1548 0.7616
1549 0.7608
1550 0.7600
1551 0.7592
1552 0.7584
1553 0.7576
1554 0.7568
1555 0.7560
1556 0.7552
1557 0.7544
1558 0.7536
1559 0.7528
1560 0.7520
1561 0.7512
1562 0.7504
1563 0.7496
1564 0.7488
1565 0.7480
1566 0.7472
1567 0.7464
1568 0.7456
1569 0.7448
1570 0.7440
1571 0.7432
1572 0.7424
1573 0.7416
1574 0.7408
1575 0.7400
1576 0.7392
1577 0.7384
1578 0.7376
1579 0.7368
1580 0.7360
1581 0.7352
1582 0.7344
1583 0.7336
1584 0.7328
1585 0.7320
1586 0.7312
1587 0.7304
1588 0.7296
1589 0.7288
1590 0.7280
1591 0.7272
1592 0.7264
1593 0.7256
1594 0.7248
1595 0.7240
1596 0.7232
1597 0.7224
1598 0.7216
1599 0.7208
1600 0.7200
1601 0.7192
1602 0.7184
1603 0.7176
1604 0.7168
1605 0.7160
1606 0.7152
1607 0.7144
1608 0.7136
1609 0.7128
1610 0.7120
1611 0.7112
1612 0.7104
1613 0.7096
1614 0.7088
1615 0.7080
1616 0.7072
1617 0.7064
1618 0.7056
1619 0.7048
1620 0.7040
1621 0.7032
1622 0.7024
1623 0.7016
1624 0.7008
1625 0.7000
1626 0.6992
1627 0.6984
1628 0.6976
1629 0.6968
1630 0.6960
1631 0.6952
1632 0.6944
1633 0.6936
1634 0.6928
1635 0.6920
1636 0.6912
1637 0.6904
1638 0.6896
1639 0.6888
1640 0.6880
1641 0.6872
1642 0.6864
1643 0.6856
1644 0.6848
1645 0.6840
1646 0.6832
1647 0.6824
1648 0.6816
1649 0.6808
1650 0.6800
1651 0.6792
1652 0.6784
1653 0.6776
1654 0.6768
1655 0.6760
1656 0.6752
1657 0.6744
1658 0.6736
1659 0.6728
1660 0.6720
1661 0.6712
1662 0.6704
1663 0.6696
1664 0.6688
1665 0.6680
1666 0.6672
1667 0.6664
1668 0.6656
1669 0.6648
1670 0.6640
1671 0.6632
1672 0.6624
1673 0.6616
1674 0.6608
1675 0.6600
1676 0.6592
1677 0.6584
1678 0.6576
1679 0.6568
1680 0.6560
1681 0.6552
1682 0.6544
1683 0.6536
1684 0.6528
1685 0.6520
1686 0.6512
1687 0.6504
1688 0.6496
1689 0.6488
1690 0.6480
1691 0.6472
1692 0.6464
1693 0.6456
1694 0.6448
1695 0.6440
1696 0.6432
1697 0.6424
1698 0.6416
1699 0.6408
1700 0.6400
1701 0.6392
1702 0.6384
1703 0.6376
1704 0.6368
1705 0.6360
1706 0.6352
1707 0.6344
1708 0.6336
1709 0.6328
1710 0.6320
1711 0.6312
1712 0.6304
1713 0.6296
1714 0.6288
1715 0.6280
1716 0.6272
1717 0.6264
1718 0.6256
1719 0.6248
1720 0.6240
1721 0.6232
1722 0.6224
1723 0.6216
1724 0.6208
1725 0.6200
1726 0.6192
1727 0.6184
1728 0.6176
1729 0.6168
1730 0.6160
1731 0.6152
1732 0.6144
1733 0.6136
1734 0.6128
1735 0.6120
1736 0.6112
1737 0.6104
1738 0.6096
1739 0.6088
1740 0.6080
1741 0.6072
1742 0.6064
1743 0.6056
1744 0.6048
1745 0.6040
1746 0.6032
1747 0.6024
1748 0.6016
1749 0.6008
1750 0.6000
1751 0.5992
1752 0.5984
1753 0.5976
1754 0.5968
1755 0.5960
1756 0.5952
1757 0.5944
1758 0.5936
1759 0.5928
1760 0.5920
1761 0.5912
1762 0.5904
1763 0.5896
1764 0.5888
1765 0.5880
1766 0.5872
1767 0.5864
1768 0.5856
1769 0.5848
1770 0.5840
1771 0.5832
1772 0.5824
1773 0.5816
1774 0.5808
1775 0.5800
1776 0.5792
1777 0.5784
1778 0.5776
1779 0.5768
1780 0.5760
1781 0.5752
1782 0.5744
1783 0.5736
1784 0.5728
1785 0.5720
1786 0.5712
1787 0.5704
1788 0.5696
1789 0.5688
1790 0.5680
1791 0.5672
1792 0.5664
1793 0.5656
1794 0.5648
1795 0.5640
1796 0.5632
1797 0.5624
1798 0.5616
1799 0.5608
1800 0.5600
1801 0.5592
1802 0.5584
1803 0.5576
1804 0.5568
1805 0.5560
1806 0.5552
1807 0.5544
1808 0.5536
1809 0.5528
1810 0.5520
1811 0.5512
1812 0.5504
1813 0.5496
1814 0.5488
1815 0.5480
1816 0.5472
1817 0.5464
1818 0.5456
1819 0.5448
1820 0.5440
1821 0.5432
1822 0.5424
1823 0.5416
1824 0.5408
1825 0.5400
1826 0.5392
1827 0.5384
1828 0.5376
1829 0.5368
1830 0.5360
1831 0.5352
1832 0.5344
1833 0.5336
1834 0.5328
1835 0.5320
1836 0.5312
1837 0.5304
1838 0.5296
1839 0.5288
1840 0.5280
1841 0.5272
1842 0.5264
1843 0.5256
1844 0.5248
1845 0.5240
1846 0.5232
1847 0.5224
1848 0.5216
1849 0.5208
1850 0.5200
1851 0.5192
1852 0.5184
1853 0.5176
1854 0.5168
1855 0.5160
1856 0.5152
1857 0.5144
1858 0.5136
1859 0.5128
1860 0.5120
1861 0.5112
1862 0.5104
1863 0.5096
1864 0.5088
1865 0.5080
1866 0.5072
1867 0.5064
1868 0.5056
1869 0.5048
1870 0.5040
1871 0.5032
1872 0.5024
1873 0.5016
1874 0.5008
1875 0.5000
1876 0.4992
1877 0.4984
1878 0.4976
1879 0.4968
1880 0.4960
1881 0.4952
1882 0.4944
1883 0.4936
1884 0.4928
1885 0.4920
1886 0.4912
1887 0.4904
1888 0.4896
1889 0.4888
1890 0.4880
1891 0.4872
1892 0.4864
1893 0.4856
1894 0.4848
1895 0.4840
1896 0.4832
1897 0.4824
1898 0.4816
1899 0.4808
1900 0.4800
1901 0.4792
1902 0.4784
1903 0.4776
1904 0.4768
1905 0.4760
1906 0.4752
1907 0.4744
1908 0.4736
1909 0.4728
1910 0.4720
1911 0.4712
1912 0.4704
1913 0.4696
1914 0.4688
1915 0.4680
1916 0.4672
1917 0.4664
1918 0.4656
1919 0.4648
1920 0.4640
1921 0.4632
1922 0.4624
1923 0.4616
1924 0.4608
1925 0.4600
1926 0.4592
1927 0.4584
1928 0.4576
1929 0.4568
1930 0.4560
1931 0.4552
1932 0.4544
1933 0.4536
1934 0.4528
1935 0.4520
1936 0.4512
1937 0.4504
1938 0.4496
1939 0.4488
1940 0.4480
1941 0.4472
1942 0.4464
1943 0.4456
1944 0.4448
1945 0.4440
1946 0.4432
1947 0.4424
1948 0.4416
1949 0.4408
1950 0.4400
1951 0.4392
1952 0.4384
1953 0.4376
1954 0.4368
1955 0.4360
1956 0.4352
1957 0.4344
1958 0.4336
1959 0.4328
1960 0.4320
1961 0.4312
1962 0.4304
1963 0.4296
1964 0.4288
1965 0.4280
1966 0.4272
1967 0.4264
1968 0.4256
1969 0.4248
1970 0.4240
1971 0.4232
1972 0.4224
1973 0.4216
1974 0.4208
1975 0.4200
1976 0.4192
1977 0.4184
1978 0.4176
1979 0.4168
1980 0.4160
1981 0.4152
1982 0.4144
1983 0.4136
1984 0.4128
1985 0.4120
1986 0.4112
1987 0.4104
1988 0.4096
1989 0.4088
1990 0.4080
1991 0.4072
1992 0.4064
1993 0.4056
1994 0.4048
1995 0.4040
1996 0.4032
1997 0.4024
1998 0.4016
1999 0.4008
2000 0.4000
2001 0.3992
2002 0.3984
2003 0.3976
2004 0.3968
2005 0.3960
2006 0.3952
2007 0.3944
2008 0.3936
2009 0.3928
2010 0.3920
2011 0.3912
2012 0.3904
2013 0.3896
2014 0.3888
2015 0.3880
2016 0.3872
2017 0.3864
2018 0.3856
2019 0.3848
2020 0.3840
2021 0.3832
2022 0.3824
2023 0.3816
2024 0.3808
2025 0.3800
2026 0.3792
2027 0.3784
2028 0.3776
2029 0.3768
2030 0.3760
2031 0.3752
2032 0.3744
2033 0.3736
2034 0.3728
2035 0.3720
2036 0.3712
2037 0.3704
2038 0.3696
2039 0.3688
2040 0.3680
2041 0.3672
2042 0.3664
2043 0.3656
2044 0.3648
2045 0.3640
2046 0.3632
2047 0.3624
2048 0.3616
2049 0.3608
2050 0.3600
2051 0.3592
2052 0.3584
2053 0.3576
2054 0.3568
2055 0.3560
2056 0.3552
2057 0.3544
2058 0.3536
2059 0.3528
2060 0.3520
2061 0.3512
2062 0.3504
2063 0.3496
2064 0.3488
2065 0.3480
2066 0.3472
2067 0.3464
2068 0.3456
2069 0.3448
2070 0.3440
2071 0.3432
2072 0.3424
2073 0.3416
2074 0.3408
2075 0.3400
2076 0.3392
2077 0.3384
2078 0.3376
2079 0.3368
2080 0.3360
2081 0.3352
2082 0.3344
2083 0.3336
2084 0.3328
2085 0.3320
2086 0.3312
2087 0.3304
2088 0.3296
2089 0.3288
2090 0.3280
2091 0.3272
2092 0.3264
2093 0.3256
2094 0.3248
2095 0.3240
2096 0.3232
2097 0.3224
2098 0.3216
2099 0.3208
2100 0.3200
2101 0.3192
2102 0.3184
2103 0.3176
2104 0.3168
2105 0.3160
2106 0.3152
2107 0.3144
2108 0.3136
2109 0.3128
2110 0.3120
2111 0.3112
2112 0.3104
2113 0.3096
2114 0.3088
2115 0.3080
2116 0.3072
2117 0.3064
2118 0.3056
2119 0.3048
2120 0.3040
2121 0.3032
2122 0.3024
2123 0.3016
2124 0.3008
2125 0.3000
2126 0.2992
2127 0.2984
2128 0.2976
2129 0.2968
2130 0.2960
2131 0.2952
2132 0.2944
2133 0.2936
2134 0.2928
2135 0.2920
2136 0.2912
2137 0.2904
2138 0.2896
2139 0.2888
2140 0.2880
2141 0.2872
2142 0.2864
2143 0.2856
2144 0.2848
2145 0.2840
2146 0.2832
2147 0.2824
2148 0.2816
2149 0.2808
2150 0.2800
2151 0.2792
2152 0.2784
2153 0.2776
2154 0.2768
2155 0.2760
2156 0.2752
2157 0.2744
2158 0.2736
2159 0.2728
2160 0.2720
2161 0.2712
2162 0.2704
2163 0.2696
2164 0.2688
2165 0.2680
2166 0.2672
2167 0.2664
2168 0.2656
2169 0.2648
2170 0.2640
2171 0.2632
2172 0.2624
2173 0.2616
2174 0.2608
2175 0.2600
2176 0.2592
2177 0.2584
2178 0.2576
2179 0.2568
2180 0.2560
2181 0.2552
2182 0.2544
2183 0.2536
2184 0.2528
2185 0.2520
2186 0.2512
2187 0.2504
2188 0.2496
2189 0.2488
2190 0.2480
2191 0.2472
2192 0.2464
2193 0.2456
2194 0.2448
2195 0.2440
2196 0.2432
2197 0.2424
2198 0.2416
2199 0.2408
2200 0.2400
2201 0.2392
2202 0.2384
2203 0.2376
2204 0.2368
2205 0.2360
2206 0.2352
2207 0.2344
2208 0.2336
2209 0.2328
2210 0.2320
2211 0.2312
2212 0.2304
2213 0.2296
2214 0.2288
2215 0.2280
2216 0.2272
2217 0.2264
2218 0.2256
2219 0.2248
2220 0.2240
2221 0.2232
2222 0.2224
2223 0.2216
2224 0.2208
2225 0.2200
2226 0.2192
2227 0.2184
2228 0.2176
2229 0.2168
2230 0.2160
2231 0.2152
2232 0.2144
2233 0.2136
2234 0.2128
2235 0.2120
2236 0.2112
2237 0.2104
2238 0.2096
2239 0.2088
2240 0.2080
2241 0.2072
2242 0.2064
2243 0.2056
2244 0.2048
2245 0.2040
2246 0.2032
2247 0.2024
2248 0.2016
2249 0.2008
2250 0.2000
2251 0.1992
2252 0.1984
2253 0.1976
2254 0.1968
2255 0.1960
2256 0.1952
2257 0.1944
2258 0.1936
2259 0.1928
2260 0.1920
2261 0.1912
2262 0.1904
2263 0.1896
2264 0.1888
2265 0.1880
2266 0.1872
2267 0.1864
2268 0.1856
2269 0.1848
2270 0.1840
2271 0.1832
2272 0.1824
2273 0.1816
2274 0.1808
2275 0.1800
2276 0.1792
2277 0.1784
2278 0.1776
2279 0.1768
2280 0.1760
2281 0.1752
2282 0.1744
2283 0.1736
2284 0.1728
2285 0.1720
2286 0.1712
2287 0.1704
2288 0.1696
2289 0.1688
2290 0.1680
2291 0.1672
2292 0.1664
2293 0.1656
2294 0.1648
2295 0.1640
2296 0.1632
2297 0.1624
2298 0.1616
2299 0.1608
2300 0.1600
2301 0.1592
2302 0.1584
2303 0.1576
2304 0.1568
2305 0.1560
2306 0.1552
2307 0.1544
2308 0.1536
2309 0.1528
2310 0.1520
2311 0.1512
2312 0.1504
2313 0.1496
2314 0.1488
2315 0.1480
2316 0.1472
2317 0.1464
2318 0.1456
2319 0.1448
2320 0.1440
2321 0.1432
2322 0.1424
2323 0.1416
2324 0.1408
2325 0.1400
2326 0.1392
2327 0.1384
2328 0.1376
2329 0.1368
2330 0.1360
2331 0.1352
2332 0.1344
2333 0.1336
2334 0.1328
2335 0.1320
2336 0.1312
2337 0.1304
2338 0.1296
2339 0.1288
2340 0.1280
2341 0.1272
2342 0.1264
2343 0.1256
2344 0.1248
2345 0.1240
2346 0.1232
2347 0.1224
2348 0.1216
2349 0.1208
2350 0.1200
2351 0.1192
2352 0.1184
2353 0.1176
2354 0.1168
2355 0.1160
2356 0.1152
2357 0.1144
2358 0.1136
2359 0.1128
2360 0.1120
2361 0.1112
2362 0.1104
2363 0.1096
2364 0.1088
2365 0.1080
2366 0.1072
2367 0.1064
2368 0.1056
2369 0.1048
2370 0.1040
2371 0.1032
2372 0.1024
2373 0.1016
2374 0.1008
2375 0.1000
2376 0.0992
2377 0.0984
2378 0.0976
2379 0.0968
2380 0.0960
2381 0.0952
2382 0.0944
2383 0.0936
2384 0.0928
2385 0.0920
2386 0.0912
2387 0.0904
2388 0.0896
2389 0.0888
2390 0.0880
2391 0.0872
2392 0.0864
2393 0.0856
2394 0.0848
2395 0.0840
2396 0.0832
2397 0.0824
2398 0.0816
2399 0.0808
2400 0.0800
2401 0.0792
2402 0.0784
2403 0.0776
2404 0.0768
2405 0.0760
2406 0.0752
2407 0.0744
2408 0.0736
2409 0.0728
2410 0.0720
2411 0.0712
2412 0.0704
2413 0.0696
2414 0.0688
2415 0.0680
2416 0.0672
2417 0.0664
2418 0.0656
2419 0.0648
2420 0.0640
2421 0.0632
2422 0.0624
2423 0.0616
2424 0.0608
2425 0.0600
2426 0.0592
2427 0.0584
2428 0.0576
2429 0.0568
2430 0.0560
2431 0.0552
2432 0.0544
2433 0.0536
2434 0.0528
2435 0.0520
2436 0.0512
2437 0.0504
2438 0.0496
2439 0.0488
2440 0.0480
2441 0.0472
2442 0.0464
2443 0.0456
2444 0.0448
2445 0.0440
2446 0.0432
2447 0.0424
2448 0.0416
2449 0.0408
2450 0.0400
2451 0.0392
2452 0.0384
2453 0.0376
2454 0.0368
2455 0.0360
2456 0.0352
2457 0.0344
2458 0.0336
2459 0.0328
2460 0.0320
2461 0.0312
2462 0.0304
2463 0.0296
2464 0.0288
2465 0.0280
2466 0.0272
2467 0.0264
2468 0.0256
2469 0.0248
2470 0.0240
2471 0.0232
2472 0.0224
2473 0.0216
2474 0.0208
2475 0.0200
2476 0.0192
2477 0.0184
2478 0.0176
2479 0.0168
2480 0.0160
2481 0.0152
2482 0.0144
2483 0.0136
2484 0.0128
2485 0.0120
2486 0.0112
2487 0.0104
2488 0.0096
2489 0.0088
2490 0.0080
2491 0.0072
2492 0.0064
2493 0.0056
2494 0.0048
2495 0.0040
2496 0.0032
2497 0.0024
2498 0.0016
2499 0.0008
2500 0.0000
